{
 "cells": [
  {
   "cell_type": "code",
   "execution_count": 1,
   "metadata": {},
   "outputs": [],
   "source": [
    "import nltk\n",
    "from collections import Counter\n",
    "import glob\n",
    "import os\n",
    "import string\n",
    "from nltk.corpus import stopwords\n",
    "from nltk.tokenize import word_tokenize\n",
    "\n",
    "# Paths for all the different corpora\n",
    "folderpaths = ['../Corpora/AnxietyMeditations/', '../Corpora/SleepMeditations/',\n",
    "               '../Corpora/LearningAndGrowthMeditations/', '../Corpora/MorningMeditations/']\n",
    "\n",
    "#array to store the text of each file \n",
    "corpus = []\n",
    "text2 = \"\"\n",
    "\n",
    "for folder in folderpaths:\n",
    "    if folder == '../Corpora/AnxietyMeditations/':\n",
    "        for doc in glob.glob(os.path.join(folder, '*.txt')):\n",
    "            with open(doc, 'r') as f:\n",
    "                text = f.read()\n",
    "                corpus.append(text)\n",
    "                text2 += text\n",
    "    elif folder == '../Corpora/SleepMeditations/':\n",
    "        for doc in glob.glob(os.path.join(folder, '*.txt')):\n",
    "            with open(doc, 'r') as f:\n",
    "                text = f.read()\n",
    "                corpus.append(text)\n",
    "                text2 += text\n",
    "    elif folder == '../Corpora/LearningAndGrowthMeditations/':\n",
    "        for doc in glob.glob(os.path.join(folder, '*.txt')):\n",
    "            with open(doc, 'r') as f:\n",
    "                text = f.read()\n",
    "                corpus.append(text)\n",
    "                text2 += text\n",
    "    elif folder == '../Corpora/MorningMeditations/':\n",
    "        for doc in glob.glob(os.path.join(folder, '*.txt')):\n",
    "            with open(doc, 'r') as f:\n",
    "                text = f.read()\n",
    "                corpus.append(text)\n",
    "                text2 += text\n",
    "\n",
    "newStopWords = ['[', ']', '`', '#', '$',\n",
    "                '(', ')', \"Music\", ':', \"....\", \"--\", \",\", \"''\", '`', '\"']\n",
    "stopwords = set(stopwords.words('english') +\n",
    "                newStopWords + list(string.punctuation))\n",
    "\n",
    "# Tokenizing by word and filtering stopwords\n",
    "all_tokens = [w for w in word_tokenize(text2.lower()) if not w in stopwords]"
   ]
  },
  {
   "cell_type": "code",
   "execution_count": 2,
   "metadata": {},
   "outputs": [],
   "source": [
    "import nltk\n",
    "from nltk.tokenize import word_tokenize\n",
    "\n",
    "# Preprocess the text data\n",
    "tokenized_corpus = []\n",
    "for text in corpus:\n",
    "    # Tokenize and lowercase\n",
    "    tokens = [w for w in word_tokenize(text.lower()) if not w in stopwords]\n",
    "    tokenized_corpus.append(tokens)\n"
   ]
  },
  {
   "cell_type": "code",
   "execution_count": 3,
   "metadata": {},
   "outputs": [
    {
     "name": "stdout",
     "output_type": "stream",
     "text": [
      "[-0.03819535  0.04834014  0.00775208  0.09760889  0.05659143 -0.0613988\n",
      "  0.09087768  0.04103731 -0.08599274  0.00055327  0.0135132  -0.09356832\n",
      "  0.03290385 -0.0326057   0.01504322  0.0549505   0.00163424 -0.09841386\n",
      " -0.0174082  -0.20772558 -0.0034911   0.08241381  0.07754909 -0.06875013\n",
      " -0.00909391  0.07716376 -0.04761914 -0.01475564 -0.10291885 -0.00637781\n",
      "  0.07189971  0.02733458  0.04330396  0.02185787 -0.09256873  0.07893018\n",
      "  0.00592612  0.01051878 -0.0485431  -0.10763716  0.08733942 -0.01952131\n",
      " -0.01752504 -0.04429846  0.05848509 -0.03397558 -0.06402476  0.06605659\n",
      "  0.08606509  0.014656   -0.01198517 -0.01458307  0.00741381  0.00967677\n",
      " -0.05803168  0.0430639   0.00765045 -0.05888486 -0.00363422 -0.03467392\n",
      "  0.00765256  0.04292138  0.08392993  0.01651139 -0.04579517  0.01373987\n",
      " -0.099681    0.01439989 -0.09461083 -0.01989236 -0.0192479   0.07205833\n",
      "  0.01693948 -0.02384318  0.01267955 -0.03392114  0.00930619 -0.09857465\n",
      " -0.04084775 -0.04976666 -0.01896057 -0.05670878 -0.02790341  0.01684861\n",
      "  0.02131277 -0.04611296 -0.02116442 -0.01236418  0.05278233  0.01537409\n",
      "  0.00636877  0.10372803 -0.02814138  0.03695285  0.13552858  0.01481944\n",
      " -0.0308262  -0.05098414  0.05981624  0.00138125]\n"
     ]
    }
   ],
   "source": [
    "import os\n",
    "import nltk\n",
    "from nltk.tokenize import word_tokenize\n",
    "from gensim.models import Word2Vec\n",
    "# Preprocess the text data\n",
    "tokenized_corpus = []\n",
    "for text in corpus:\n",
    "    tokens = word_tokenize(text.lower())  # Tokenize and lowercase\n",
    "    tokenized_corpus.append(tokens)\n",
    "\n",
    "context_windows = []\n",
    "window_size = 4  # Size of the context window\n",
    "\n",
    "for sentence in tokenized_corpus:\n",
    "    sentence_length = len(sentence)\n",
    "    for i in range(sentence_length):\n",
    "        # Extract the target word\n",
    "        target_word = sentence[i]\n",
    "\n",
    "        # Extract the context words within the window size\n",
    "        context_words = []\n",
    "        for j in range(max(0, i - window_size), min(sentence_length, i + window_size + 1)):\n",
    "            if j != i:\n",
    "                context_words.append(sentence[j])\n",
    "\n",
    "        # Append the target word and its context words as a tuple\n",
    "        # Convert context_words to tuple\n",
    "        context_windows.append((target_word, tuple(context_words)))\n",
    "\n",
    "# Train the Word2Vec model\n",
    "model = Word2Vec(context_windows, window=5,\n",
    "                 min_count=10, sg=0)  # CBOW approach\n",
    "\n",
    "# Accessing trained word vectors\n",
    "word_vector = model.wv['breathe']  # Get the word vector for a specific word\n",
    "print(word_vector)"
   ]
  },
  {
   "cell_type": "code",
   "execution_count": 4,
   "metadata": {},
   "outputs": [],
   "source": [
    "import os\n",
    "import nltk\n",
    "from gensim.models import Word2Vec\n",
    "\n",
    "# Define the directory containing the text files\n",
    "directory = \"./txt Files/\"\n",
    "\n",
    "all_vectors = { 'sight': [], 'smell': [], 'sound': [], 'taste': []\n",
    ", 'touch': []}\n",
    "\n",
    "# Iterate over the files in the directory\n",
    "for filename in os.listdir(directory):\n",
    "    if filename.endswith(\".txt\"):\n",
    "        filepath = os.path.join(directory, filename)\n",
    "        with open(filepath, \"r\") as f:\n",
    "            text = f.read()\n",
    "            words = nltk.word_tokenize(text)\n",
    "            for word in words:\n",
    "                try:\n",
    "                    word_vector = model.wv[word.lower()]\n",
    "                    all_vectors[filename[:-4]].append(word_vector)\n",
    "                    # print(f\"Word: {word}\\nVector: {word_vector}\\n\")\n",
    "                except KeyError:\n",
    "                    continue\n",
    "                    # print(f\"Word '{word}' not in vocabulary.\\n\")\n",
    "\n",
    "# print(len(all_vectors['sight']))\n",
    "# print(len(all_vectors['sight']))\n"
   ]
  },
  {
   "cell_type": "code",
   "execution_count": 5,
   "metadata": {},
   "outputs": [
    {
     "name": "stdout",
     "output_type": "stream",
     "text": [
      "(21, 21)\n",
      "(10, 10)\n",
      "(20, 20)\n",
      "(12, 12)\n",
      "(23, 23)\n"
     ]
    },
    {
     "data": {
      "text/plain": [
       "array([[0.        , 0.87711361, 0.878365  , 0.87338747, 0.83946738,\n",
       "        0.96035609, 0.92372012, 0.8112763 , 1.00311855, 0.87052105,\n",
       "        0.99820343, 0.96677036, 0.86784217, 0.97867909, 0.87761018,\n",
       "        0.82728332, 0.96793116, 0.85002926, 0.88314737, 1.15110552,\n",
       "        0.94215044, 1.08543612, 0.98084872],\n",
       "       [0.87711361, 0.        , 0.00464886, 0.00439775, 0.97916457,\n",
       "        1.20229495, 0.90000077, 0.92267024, 0.96929107, 0.00388163,\n",
       "        0.79113361, 0.85008809, 0.00406408, 1.07409405, 0.00309181,\n",
       "        0.96020246, 0.94092836, 1.00254124, 0.00510442, 1.14100917,\n",
       "        1.20104735, 1.00414523, 0.98142296],\n",
       "       [0.878365  , 0.00464886, 0.        , 0.00366426, 0.97672005,\n",
       "        1.20344897, 0.90295234, 0.93498803, 0.97751679, 0.00541121,\n",
       "        0.78514729, 0.85138455, 0.00484234, 1.06595699, 0.00566536,\n",
       "        0.96113895, 0.9251613 , 1.01051885, 0.00623721, 1.1459292 ,\n",
       "        1.20761053, 0.99639425, 0.97724847],\n",
       "       [0.87338747, 0.00439775, 0.00366426, 0.        , 0.97870949,\n",
       "        1.19144697, 0.90444123, 0.929457  , 0.99187983, 0.00517684,\n",
       "        0.78116876, 0.85548311, 0.00390708, 1.06910057, 0.00486177,\n",
       "        0.96815939, 0.92377353, 0.99848128, 0.00560135, 1.14157218,\n",
       "        1.19662784, 1.01212838, 0.99762677],\n",
       "       [0.83946738, 0.97916457, 0.97672005, 0.97870949, 0.        ,\n",
       "        0.94722552, 1.03676159, 0.76677553, 0.95543489, 0.96314947,\n",
       "        1.04886018, 1.08289582, 0.96957813, 1.17050487, 0.97216352,\n",
       "        0.92219891, 1.06065829, 1.11960931, 0.96311831, 0.99592966,\n",
       "        0.9557307 , 1.03351893, 1.04004036],\n",
       "       [0.96035609, 1.20229495, 1.20344897, 1.19144697, 0.94722552,\n",
       "        0.        , 1.19660743, 1.06388426, 0.89141667, 1.20196845,\n",
       "        1.00320131, 1.17843042, 1.19743745, 1.00285655, 1.21731809,\n",
       "        1.01562297, 1.05347649, 0.94312966, 1.19486228, 0.93707394,\n",
       "        1.044196  , 1.118331  , 1.06952365],\n",
       "       [0.92372012, 0.90000077, 0.90295234, 0.90444123, 1.03676159,\n",
       "        1.19660743, 0.        , 1.05304043, 0.96984929, 0.90209811,\n",
       "        0.84283601, 0.80612506, 0.89710077, 0.88746083, 0.91219291,\n",
       "        0.95112957, 1.07076087, 0.81737703, 0.91291072, 1.07730524,\n",
       "        0.88414756, 0.91568051, 1.0844335 ],\n",
       "       [0.8112763 , 0.92267024, 0.93498803, 0.929457  , 0.76677553,\n",
       "        1.06388426, 1.05304043, 0.        , 1.08758785, 0.93048823,\n",
       "        1.03617142, 1.02337503, 0.9139687 , 1.0382907 , 0.91384811,\n",
       "        0.84712042, 1.05561838, 1.11698582, 0.94030949, 0.97436379,\n",
       "        0.76972112, 1.03284205, 0.8595091 ],\n",
       "       [1.00311855, 0.96929107, 0.97751679, 0.99187983, 0.95543489,\n",
       "        0.89141667, 0.96984929, 1.08758785, 0.        , 0.97768275,\n",
       "        0.75706007, 1.08078041, 0.97638922, 0.98429519, 0.97877055,\n",
       "        0.95715062, 1.06987455, 0.9382042 , 0.98165048, 1.04028045,\n",
       "        0.83754605, 1.00911821, 0.86297955],\n",
       "       [0.87052105, 0.00388163, 0.00541121, 0.00517684, 0.96314947,\n",
       "        1.20196845, 0.90209811, 0.93048823, 0.97768275, 0.        ,\n",
       "        0.79345034, 0.84490559, 0.0040068 , 1.07479225, 0.00528586,\n",
       "        0.96013157, 0.94641144, 1.00934546, 0.00494093, 1.15039946,\n",
       "        1.20660777, 0.99735664, 0.98327749],\n",
       "       [0.99820343, 0.79113361, 0.78514729, 0.78116876, 1.04886018,\n",
       "        1.00320131, 0.84283601, 1.03617142, 0.75706007, 0.79345034,\n",
       "        0.        , 0.94698144, 0.77770892, 0.89198404, 0.79309067,\n",
       "        0.94762152, 0.93584289, 1.08291642, 0.79584186, 1.17245838,\n",
       "        0.92463435, 0.99459258, 1.03672214],\n",
       "       [0.96677036, 0.85008809, 0.85138455, 0.85548311, 1.08289582,\n",
       "        1.17843042, 0.80612506, 1.02337503, 1.08078041, 0.84490559,\n",
       "        0.94698144, 0.        , 0.85565475, 0.95445855, 0.86391728,\n",
       "        1.04199132, 0.90655303, 1.04880619, 0.84444082, 0.99911436,\n",
       "        0.98512887, 1.01788307, 1.07442074],\n",
       "       [0.86784217, 0.00406408, 0.00484234, 0.00390708, 0.96957813,\n",
       "        1.19743745, 0.89710077, 0.9139687 , 0.97638922, 0.0040068 ,\n",
       "        0.77770892, 0.85565475, 0.        , 1.07265731, 0.00534427,\n",
       "        0.958135  , 0.93776291, 1.00514628, 0.0056386 , 1.15226538,\n",
       "        1.19321838, 1.00462054, 0.98117332],\n",
       "       [0.97867909, 1.07409405, 1.06595699, 1.06910057, 1.17050487,\n",
       "        1.00285655, 0.88746083, 1.0382907 , 0.98429519, 1.07479225,\n",
       "        0.89198404, 0.95445855, 1.07265731, 0.        , 1.08326606,\n",
       "        1.04980084, 1.06124871, 0.91271546, 1.08390424, 1.04220796,\n",
       "        0.99544951, 0.94785644, 0.74427062],\n",
       "       [0.87761018, 0.00309181, 0.00566536, 0.00486177, 0.97216352,\n",
       "        1.21731809, 0.91219291, 0.91384811, 0.97877055, 0.00528586,\n",
       "        0.79309067, 0.86391728, 0.00534427, 1.08326606, 0.        ,\n",
       "        0.96032679, 0.92909321, 1.00568243, 0.00632221, 1.1482103 ,\n",
       "        1.19358502, 0.99447082, 0.99077124],\n",
       "       [0.82728332, 0.96020246, 0.96113895, 0.96815939, 0.92219891,\n",
       "        1.01562297, 0.95112957, 0.84712042, 0.95715062, 0.96013157,\n",
       "        0.94762152, 1.04199132, 0.958135  , 1.04980084, 0.96032679,\n",
       "        0.        , 1.04793917, 0.88992748, 0.97256336, 1.1164529 ,\n",
       "        0.93445221, 1.04984663, 1.11146095],\n",
       "       [0.96793116, 0.94092836, 0.9251613 , 0.92377353, 1.06065829,\n",
       "        1.05347649, 1.07076087, 1.05561838, 1.06987455, 0.94641144,\n",
       "        0.93584289, 0.90655303, 0.93776291, 1.06124871, 0.92909321,\n",
       "        1.04793917, 0.        , 0.9866144 , 0.92973189, 1.11121974,\n",
       "        1.01127676, 0.83536416, 1.10237171],\n",
       "       [0.85002926, 1.00254124, 1.01051885, 0.99848128, 1.11960931,\n",
       "        0.94312966, 0.81737703, 1.11698582, 0.9382042 , 1.00934546,\n",
       "        1.08291642, 1.04880619, 1.00514628, 0.91271546, 1.00568243,\n",
       "        0.88992748, 0.9866144 , 0.        , 1.0143211 , 1.04669637,\n",
       "        1.03967506, 1.08631667, 0.96039905],\n",
       "       [0.88314737, 0.00510442, 0.00623721, 0.00560135, 0.96311831,\n",
       "        1.19486228, 0.91291072, 0.94030949, 0.98165048, 0.00494093,\n",
       "        0.79584186, 0.84444082, 0.0056386 , 1.08390424, 0.00632221,\n",
       "        0.97256336, 0.92973189, 1.0143211 , 0.        , 1.13743825,\n",
       "        1.19963087, 1.00194051, 0.97828602],\n",
       "       [1.15110552, 1.14100917, 1.1459292 , 1.14157218, 0.99592966,\n",
       "        0.93707394, 1.07730524, 0.97436379, 1.04028045, 1.15039946,\n",
       "        1.17245838, 0.99911436, 1.15226538, 1.04220796, 1.1482103 ,\n",
       "        1.1164529 , 1.11121974, 1.04669637, 1.13743825, 0.        ,\n",
       "        0.89936873, 1.05624234, 0.92472742],\n",
       "       [0.94215044, 1.20104735, 1.20761053, 1.19662784, 0.9557307 ,\n",
       "        1.044196  , 0.88414756, 0.76972112, 0.83754605, 1.20660777,\n",
       "        0.92463435, 0.98512887, 1.19321838, 0.99544951, 1.19358502,\n",
       "        0.93445221, 1.01127676, 1.03967506, 1.19963087, 0.89936873,\n",
       "        0.        , 0.85870966, 1.00214436],\n",
       "       [1.08543612, 1.00414523, 0.99639425, 1.01212838, 1.03351893,\n",
       "        1.118331  , 0.91568051, 1.03284205, 1.00911821, 0.99735664,\n",
       "        0.99459258, 1.01788307, 1.00462054, 0.94785644, 0.99447082,\n",
       "        1.04984663, 0.83536416, 1.08631667, 1.00194051, 1.05624234,\n",
       "        0.85870966, 0.        , 0.9292658 ],\n",
       "       [0.98084872, 0.98142296, 0.97724847, 0.99762677, 1.04004036,\n",
       "        1.06952365, 1.0844335 , 0.8595091 , 0.86297955, 0.98327749,\n",
       "        1.03672214, 1.07442074, 0.98117332, 0.74427062, 0.99077124,\n",
       "        1.11146095, 1.10237171, 0.96039905, 0.97828602, 0.92472742,\n",
       "        1.00214436, 0.9292658 , 0.        ]])"
      ]
     },
     "execution_count": 5,
     "metadata": {},
     "output_type": "execute_result"
    }
   ],
   "source": [
    "import numpy as np\n",
    "from scipy.spatial.distance import cosine\n",
    "\n",
    "for key in all_vectors.keys(): \n",
    "    # Calculate the pairwise cosine similarity distance between each row in the matrix\n",
    "    sight_len = len(all_vectors[key])\n",
    "    distances = np.zeros((sight_len, sight_len))\n",
    "    for i in range(sight_len):\n",
    "        for j in range(i+1, sight_len):\n",
    "            distances[i][j] = cosine(all_vectors[key][i], all_vectors[key][j])\n",
    "            distances[j][i] = distances[i][j]\n",
    "\n",
    "    # Print the resulting distance matrix\n",
    "    # distances = distances[:10, :10]\n",
    "    print(distances.shape)\n",
    "distances\n",
    "# Normalize the matrix to the range 0-1\n",
    "# normalized_distance = (distances - np.min(distances)) / (np.max(distances) - np.min(distances))"
   ]
  },
  {
   "cell_type": "code",
   "execution_count": 6,
   "metadata": {},
   "outputs": [
    {
     "data": {
      "text/html": [
       "<div>\n",
       "<style scoped>\n",
       "    .dataframe tbody tr th:only-of-type {\n",
       "        vertical-align: middle;\n",
       "    }\n",
       "\n",
       "    .dataframe tbody tr th {\n",
       "        vertical-align: top;\n",
       "    }\n",
       "\n",
       "    .dataframe thead th {\n",
       "        text-align: right;\n",
       "    }\n",
       "</style>\n",
       "<table border=\"1\" class=\"dataframe\">\n",
       "  <thead>\n",
       "    <tr style=\"text-align: right;\">\n",
       "      <th></th>\n",
       "      <th>0</th>\n",
       "      <th>1</th>\n",
       "      <th>2</th>\n",
       "      <th>3</th>\n",
       "      <th>4</th>\n",
       "      <th>5</th>\n",
       "      <th>6</th>\n",
       "      <th>7</th>\n",
       "      <th>8</th>\n",
       "      <th>9</th>\n",
       "      <th>...</th>\n",
       "      <th>13</th>\n",
       "      <th>14</th>\n",
       "      <th>15</th>\n",
       "      <th>16</th>\n",
       "      <th>17</th>\n",
       "      <th>18</th>\n",
       "      <th>19</th>\n",
       "      <th>20</th>\n",
       "      <th>21</th>\n",
       "      <th>22</th>\n",
       "    </tr>\n",
       "  </thead>\n",
       "  <tbody>\n",
       "    <tr>\n",
       "      <th>0</th>\n",
       "      <td>0.000000</td>\n",
       "      <td>0.877114</td>\n",
       "      <td>0.878365</td>\n",
       "      <td>0.873387</td>\n",
       "      <td>0.839467</td>\n",
       "      <td>0.960356</td>\n",
       "      <td>0.923720</td>\n",
       "      <td>0.811276</td>\n",
       "      <td>1.003119</td>\n",
       "      <td>0.870521</td>\n",
       "      <td>...</td>\n",
       "      <td>0.978679</td>\n",
       "      <td>0.877610</td>\n",
       "      <td>0.827283</td>\n",
       "      <td>0.967931</td>\n",
       "      <td>0.850029</td>\n",
       "      <td>0.883147</td>\n",
       "      <td>1.151106</td>\n",
       "      <td>0.942150</td>\n",
       "      <td>1.085436</td>\n",
       "      <td>0.980849</td>\n",
       "    </tr>\n",
       "    <tr>\n",
       "      <th>1</th>\n",
       "      <td>0.877114</td>\n",
       "      <td>0.000000</td>\n",
       "      <td>0.004649</td>\n",
       "      <td>0.004398</td>\n",
       "      <td>0.979165</td>\n",
       "      <td>1.202295</td>\n",
       "      <td>0.900001</td>\n",
       "      <td>0.922670</td>\n",
       "      <td>0.969291</td>\n",
       "      <td>0.003882</td>\n",
       "      <td>...</td>\n",
       "      <td>1.074094</td>\n",
       "      <td>0.003092</td>\n",
       "      <td>0.960202</td>\n",
       "      <td>0.940928</td>\n",
       "      <td>1.002541</td>\n",
       "      <td>0.005104</td>\n",
       "      <td>1.141009</td>\n",
       "      <td>1.201047</td>\n",
       "      <td>1.004145</td>\n",
       "      <td>0.981423</td>\n",
       "    </tr>\n",
       "    <tr>\n",
       "      <th>2</th>\n",
       "      <td>0.878365</td>\n",
       "      <td>0.004649</td>\n",
       "      <td>0.000000</td>\n",
       "      <td>0.003664</td>\n",
       "      <td>0.976720</td>\n",
       "      <td>1.203449</td>\n",
       "      <td>0.902952</td>\n",
       "      <td>0.934988</td>\n",
       "      <td>0.977517</td>\n",
       "      <td>0.005411</td>\n",
       "      <td>...</td>\n",
       "      <td>1.065957</td>\n",
       "      <td>0.005665</td>\n",
       "      <td>0.961139</td>\n",
       "      <td>0.925161</td>\n",
       "      <td>1.010519</td>\n",
       "      <td>0.006237</td>\n",
       "      <td>1.145929</td>\n",
       "      <td>1.207611</td>\n",
       "      <td>0.996394</td>\n",
       "      <td>0.977248</td>\n",
       "    </tr>\n",
       "    <tr>\n",
       "      <th>3</th>\n",
       "      <td>0.873387</td>\n",
       "      <td>0.004398</td>\n",
       "      <td>0.003664</td>\n",
       "      <td>0.000000</td>\n",
       "      <td>0.978709</td>\n",
       "      <td>1.191447</td>\n",
       "      <td>0.904441</td>\n",
       "      <td>0.929457</td>\n",
       "      <td>0.991880</td>\n",
       "      <td>0.005177</td>\n",
       "      <td>...</td>\n",
       "      <td>1.069101</td>\n",
       "      <td>0.004862</td>\n",
       "      <td>0.968159</td>\n",
       "      <td>0.923774</td>\n",
       "      <td>0.998481</td>\n",
       "      <td>0.005601</td>\n",
       "      <td>1.141572</td>\n",
       "      <td>1.196628</td>\n",
       "      <td>1.012128</td>\n",
       "      <td>0.997627</td>\n",
       "    </tr>\n",
       "    <tr>\n",
       "      <th>4</th>\n",
       "      <td>0.839467</td>\n",
       "      <td>0.979165</td>\n",
       "      <td>0.976720</td>\n",
       "      <td>0.978709</td>\n",
       "      <td>0.000000</td>\n",
       "      <td>0.947226</td>\n",
       "      <td>1.036762</td>\n",
       "      <td>0.766776</td>\n",
       "      <td>0.955435</td>\n",
       "      <td>0.963149</td>\n",
       "      <td>...</td>\n",
       "      <td>1.170505</td>\n",
       "      <td>0.972164</td>\n",
       "      <td>0.922199</td>\n",
       "      <td>1.060658</td>\n",
       "      <td>1.119609</td>\n",
       "      <td>0.963118</td>\n",
       "      <td>0.995930</td>\n",
       "      <td>0.955731</td>\n",
       "      <td>1.033519</td>\n",
       "      <td>1.040040</td>\n",
       "    </tr>\n",
       "    <tr>\n",
       "      <th>5</th>\n",
       "      <td>0.960356</td>\n",
       "      <td>1.202295</td>\n",
       "      <td>1.203449</td>\n",
       "      <td>1.191447</td>\n",
       "      <td>0.947226</td>\n",
       "      <td>0.000000</td>\n",
       "      <td>1.196607</td>\n",
       "      <td>1.063884</td>\n",
       "      <td>0.891417</td>\n",
       "      <td>1.201968</td>\n",
       "      <td>...</td>\n",
       "      <td>1.002857</td>\n",
       "      <td>1.217318</td>\n",
       "      <td>1.015623</td>\n",
       "      <td>1.053476</td>\n",
       "      <td>0.943130</td>\n",
       "      <td>1.194862</td>\n",
       "      <td>0.937074</td>\n",
       "      <td>1.044196</td>\n",
       "      <td>1.118331</td>\n",
       "      <td>1.069524</td>\n",
       "    </tr>\n",
       "    <tr>\n",
       "      <th>6</th>\n",
       "      <td>0.923720</td>\n",
       "      <td>0.900001</td>\n",
       "      <td>0.902952</td>\n",
       "      <td>0.904441</td>\n",
       "      <td>1.036762</td>\n",
       "      <td>1.196607</td>\n",
       "      <td>0.000000</td>\n",
       "      <td>1.053040</td>\n",
       "      <td>0.969849</td>\n",
       "      <td>0.902098</td>\n",
       "      <td>...</td>\n",
       "      <td>0.887461</td>\n",
       "      <td>0.912193</td>\n",
       "      <td>0.951130</td>\n",
       "      <td>1.070761</td>\n",
       "      <td>0.817377</td>\n",
       "      <td>0.912911</td>\n",
       "      <td>1.077305</td>\n",
       "      <td>0.884148</td>\n",
       "      <td>0.915681</td>\n",
       "      <td>1.084434</td>\n",
       "    </tr>\n",
       "    <tr>\n",
       "      <th>7</th>\n",
       "      <td>0.811276</td>\n",
       "      <td>0.922670</td>\n",
       "      <td>0.934988</td>\n",
       "      <td>0.929457</td>\n",
       "      <td>0.766776</td>\n",
       "      <td>1.063884</td>\n",
       "      <td>1.053040</td>\n",
       "      <td>0.000000</td>\n",
       "      <td>1.087588</td>\n",
       "      <td>0.930488</td>\n",
       "      <td>...</td>\n",
       "      <td>1.038291</td>\n",
       "      <td>0.913848</td>\n",
       "      <td>0.847120</td>\n",
       "      <td>1.055618</td>\n",
       "      <td>1.116986</td>\n",
       "      <td>0.940309</td>\n",
       "      <td>0.974364</td>\n",
       "      <td>0.769721</td>\n",
       "      <td>1.032842</td>\n",
       "      <td>0.859509</td>\n",
       "    </tr>\n",
       "    <tr>\n",
       "      <th>8</th>\n",
       "      <td>1.003119</td>\n",
       "      <td>0.969291</td>\n",
       "      <td>0.977517</td>\n",
       "      <td>0.991880</td>\n",
       "      <td>0.955435</td>\n",
       "      <td>0.891417</td>\n",
       "      <td>0.969849</td>\n",
       "      <td>1.087588</td>\n",
       "      <td>0.000000</td>\n",
       "      <td>0.977683</td>\n",
       "      <td>...</td>\n",
       "      <td>0.984295</td>\n",
       "      <td>0.978771</td>\n",
       "      <td>0.957151</td>\n",
       "      <td>1.069875</td>\n",
       "      <td>0.938204</td>\n",
       "      <td>0.981650</td>\n",
       "      <td>1.040280</td>\n",
       "      <td>0.837546</td>\n",
       "      <td>1.009118</td>\n",
       "      <td>0.862980</td>\n",
       "    </tr>\n",
       "    <tr>\n",
       "      <th>9</th>\n",
       "      <td>0.870521</td>\n",
       "      <td>0.003882</td>\n",
       "      <td>0.005411</td>\n",
       "      <td>0.005177</td>\n",
       "      <td>0.963149</td>\n",
       "      <td>1.201968</td>\n",
       "      <td>0.902098</td>\n",
       "      <td>0.930488</td>\n",
       "      <td>0.977683</td>\n",
       "      <td>0.000000</td>\n",
       "      <td>...</td>\n",
       "      <td>1.074792</td>\n",
       "      <td>0.005286</td>\n",
       "      <td>0.960132</td>\n",
       "      <td>0.946411</td>\n",
       "      <td>1.009345</td>\n",
       "      <td>0.004941</td>\n",
       "      <td>1.150399</td>\n",
       "      <td>1.206608</td>\n",
       "      <td>0.997357</td>\n",
       "      <td>0.983277</td>\n",
       "    </tr>\n",
       "    <tr>\n",
       "      <th>10</th>\n",
       "      <td>0.998203</td>\n",
       "      <td>0.791134</td>\n",
       "      <td>0.785147</td>\n",
       "      <td>0.781169</td>\n",
       "      <td>1.048860</td>\n",
       "      <td>1.003201</td>\n",
       "      <td>0.842836</td>\n",
       "      <td>1.036171</td>\n",
       "      <td>0.757060</td>\n",
       "      <td>0.793450</td>\n",
       "      <td>...</td>\n",
       "      <td>0.891984</td>\n",
       "      <td>0.793091</td>\n",
       "      <td>0.947622</td>\n",
       "      <td>0.935843</td>\n",
       "      <td>1.082916</td>\n",
       "      <td>0.795842</td>\n",
       "      <td>1.172458</td>\n",
       "      <td>0.924634</td>\n",
       "      <td>0.994593</td>\n",
       "      <td>1.036722</td>\n",
       "    </tr>\n",
       "    <tr>\n",
       "      <th>11</th>\n",
       "      <td>0.966770</td>\n",
       "      <td>0.850088</td>\n",
       "      <td>0.851385</td>\n",
       "      <td>0.855483</td>\n",
       "      <td>1.082896</td>\n",
       "      <td>1.178430</td>\n",
       "      <td>0.806125</td>\n",
       "      <td>1.023375</td>\n",
       "      <td>1.080780</td>\n",
       "      <td>0.844906</td>\n",
       "      <td>...</td>\n",
       "      <td>0.954459</td>\n",
       "      <td>0.863917</td>\n",
       "      <td>1.041991</td>\n",
       "      <td>0.906553</td>\n",
       "      <td>1.048806</td>\n",
       "      <td>0.844441</td>\n",
       "      <td>0.999114</td>\n",
       "      <td>0.985129</td>\n",
       "      <td>1.017883</td>\n",
       "      <td>1.074421</td>\n",
       "    </tr>\n",
       "    <tr>\n",
       "      <th>12</th>\n",
       "      <td>0.867842</td>\n",
       "      <td>0.004064</td>\n",
       "      <td>0.004842</td>\n",
       "      <td>0.003907</td>\n",
       "      <td>0.969578</td>\n",
       "      <td>1.197437</td>\n",
       "      <td>0.897101</td>\n",
       "      <td>0.913969</td>\n",
       "      <td>0.976389</td>\n",
       "      <td>0.004007</td>\n",
       "      <td>...</td>\n",
       "      <td>1.072657</td>\n",
       "      <td>0.005344</td>\n",
       "      <td>0.958135</td>\n",
       "      <td>0.937763</td>\n",
       "      <td>1.005146</td>\n",
       "      <td>0.005639</td>\n",
       "      <td>1.152265</td>\n",
       "      <td>1.193218</td>\n",
       "      <td>1.004621</td>\n",
       "      <td>0.981173</td>\n",
       "    </tr>\n",
       "    <tr>\n",
       "      <th>13</th>\n",
       "      <td>0.978679</td>\n",
       "      <td>1.074094</td>\n",
       "      <td>1.065957</td>\n",
       "      <td>1.069101</td>\n",
       "      <td>1.170505</td>\n",
       "      <td>1.002857</td>\n",
       "      <td>0.887461</td>\n",
       "      <td>1.038291</td>\n",
       "      <td>0.984295</td>\n",
       "      <td>1.074792</td>\n",
       "      <td>...</td>\n",
       "      <td>0.000000</td>\n",
       "      <td>1.083266</td>\n",
       "      <td>1.049801</td>\n",
       "      <td>1.061249</td>\n",
       "      <td>0.912715</td>\n",
       "      <td>1.083904</td>\n",
       "      <td>1.042208</td>\n",
       "      <td>0.995450</td>\n",
       "      <td>0.947856</td>\n",
       "      <td>0.744271</td>\n",
       "    </tr>\n",
       "    <tr>\n",
       "      <th>14</th>\n",
       "      <td>0.877610</td>\n",
       "      <td>0.003092</td>\n",
       "      <td>0.005665</td>\n",
       "      <td>0.004862</td>\n",
       "      <td>0.972164</td>\n",
       "      <td>1.217318</td>\n",
       "      <td>0.912193</td>\n",
       "      <td>0.913848</td>\n",
       "      <td>0.978771</td>\n",
       "      <td>0.005286</td>\n",
       "      <td>...</td>\n",
       "      <td>1.083266</td>\n",
       "      <td>0.000000</td>\n",
       "      <td>0.960327</td>\n",
       "      <td>0.929093</td>\n",
       "      <td>1.005682</td>\n",
       "      <td>0.006322</td>\n",
       "      <td>1.148210</td>\n",
       "      <td>1.193585</td>\n",
       "      <td>0.994471</td>\n",
       "      <td>0.990771</td>\n",
       "    </tr>\n",
       "    <tr>\n",
       "      <th>15</th>\n",
       "      <td>0.827283</td>\n",
       "      <td>0.960202</td>\n",
       "      <td>0.961139</td>\n",
       "      <td>0.968159</td>\n",
       "      <td>0.922199</td>\n",
       "      <td>1.015623</td>\n",
       "      <td>0.951130</td>\n",
       "      <td>0.847120</td>\n",
       "      <td>0.957151</td>\n",
       "      <td>0.960132</td>\n",
       "      <td>...</td>\n",
       "      <td>1.049801</td>\n",
       "      <td>0.960327</td>\n",
       "      <td>0.000000</td>\n",
       "      <td>1.047939</td>\n",
       "      <td>0.889927</td>\n",
       "      <td>0.972563</td>\n",
       "      <td>1.116453</td>\n",
       "      <td>0.934452</td>\n",
       "      <td>1.049847</td>\n",
       "      <td>1.111461</td>\n",
       "    </tr>\n",
       "    <tr>\n",
       "      <th>16</th>\n",
       "      <td>0.967931</td>\n",
       "      <td>0.940928</td>\n",
       "      <td>0.925161</td>\n",
       "      <td>0.923774</td>\n",
       "      <td>1.060658</td>\n",
       "      <td>1.053476</td>\n",
       "      <td>1.070761</td>\n",
       "      <td>1.055618</td>\n",
       "      <td>1.069875</td>\n",
       "      <td>0.946411</td>\n",
       "      <td>...</td>\n",
       "      <td>1.061249</td>\n",
       "      <td>0.929093</td>\n",
       "      <td>1.047939</td>\n",
       "      <td>0.000000</td>\n",
       "      <td>0.986614</td>\n",
       "      <td>0.929732</td>\n",
       "      <td>1.111220</td>\n",
       "      <td>1.011277</td>\n",
       "      <td>0.835364</td>\n",
       "      <td>1.102372</td>\n",
       "    </tr>\n",
       "    <tr>\n",
       "      <th>17</th>\n",
       "      <td>0.850029</td>\n",
       "      <td>1.002541</td>\n",
       "      <td>1.010519</td>\n",
       "      <td>0.998481</td>\n",
       "      <td>1.119609</td>\n",
       "      <td>0.943130</td>\n",
       "      <td>0.817377</td>\n",
       "      <td>1.116986</td>\n",
       "      <td>0.938204</td>\n",
       "      <td>1.009345</td>\n",
       "      <td>...</td>\n",
       "      <td>0.912715</td>\n",
       "      <td>1.005682</td>\n",
       "      <td>0.889927</td>\n",
       "      <td>0.986614</td>\n",
       "      <td>0.000000</td>\n",
       "      <td>1.014321</td>\n",
       "      <td>1.046696</td>\n",
       "      <td>1.039675</td>\n",
       "      <td>1.086317</td>\n",
       "      <td>0.960399</td>\n",
       "    </tr>\n",
       "    <tr>\n",
       "      <th>18</th>\n",
       "      <td>0.883147</td>\n",
       "      <td>0.005104</td>\n",
       "      <td>0.006237</td>\n",
       "      <td>0.005601</td>\n",
       "      <td>0.963118</td>\n",
       "      <td>1.194862</td>\n",
       "      <td>0.912911</td>\n",
       "      <td>0.940309</td>\n",
       "      <td>0.981650</td>\n",
       "      <td>0.004941</td>\n",
       "      <td>...</td>\n",
       "      <td>1.083904</td>\n",
       "      <td>0.006322</td>\n",
       "      <td>0.972563</td>\n",
       "      <td>0.929732</td>\n",
       "      <td>1.014321</td>\n",
       "      <td>0.000000</td>\n",
       "      <td>1.137438</td>\n",
       "      <td>1.199631</td>\n",
       "      <td>1.001941</td>\n",
       "      <td>0.978286</td>\n",
       "    </tr>\n",
       "    <tr>\n",
       "      <th>19</th>\n",
       "      <td>1.151106</td>\n",
       "      <td>1.141009</td>\n",
       "      <td>1.145929</td>\n",
       "      <td>1.141572</td>\n",
       "      <td>0.995930</td>\n",
       "      <td>0.937074</td>\n",
       "      <td>1.077305</td>\n",
       "      <td>0.974364</td>\n",
       "      <td>1.040280</td>\n",
       "      <td>1.150399</td>\n",
       "      <td>...</td>\n",
       "      <td>1.042208</td>\n",
       "      <td>1.148210</td>\n",
       "      <td>1.116453</td>\n",
       "      <td>1.111220</td>\n",
       "      <td>1.046696</td>\n",
       "      <td>1.137438</td>\n",
       "      <td>0.000000</td>\n",
       "      <td>0.899369</td>\n",
       "      <td>1.056242</td>\n",
       "      <td>0.924727</td>\n",
       "    </tr>\n",
       "    <tr>\n",
       "      <th>20</th>\n",
       "      <td>0.942150</td>\n",
       "      <td>1.201047</td>\n",
       "      <td>1.207611</td>\n",
       "      <td>1.196628</td>\n",
       "      <td>0.955731</td>\n",
       "      <td>1.044196</td>\n",
       "      <td>0.884148</td>\n",
       "      <td>0.769721</td>\n",
       "      <td>0.837546</td>\n",
       "      <td>1.206608</td>\n",
       "      <td>...</td>\n",
       "      <td>0.995450</td>\n",
       "      <td>1.193585</td>\n",
       "      <td>0.934452</td>\n",
       "      <td>1.011277</td>\n",
       "      <td>1.039675</td>\n",
       "      <td>1.199631</td>\n",
       "      <td>0.899369</td>\n",
       "      <td>0.000000</td>\n",
       "      <td>0.858710</td>\n",
       "      <td>1.002144</td>\n",
       "    </tr>\n",
       "    <tr>\n",
       "      <th>21</th>\n",
       "      <td>1.085436</td>\n",
       "      <td>1.004145</td>\n",
       "      <td>0.996394</td>\n",
       "      <td>1.012128</td>\n",
       "      <td>1.033519</td>\n",
       "      <td>1.118331</td>\n",
       "      <td>0.915681</td>\n",
       "      <td>1.032842</td>\n",
       "      <td>1.009118</td>\n",
       "      <td>0.997357</td>\n",
       "      <td>...</td>\n",
       "      <td>0.947856</td>\n",
       "      <td>0.994471</td>\n",
       "      <td>1.049847</td>\n",
       "      <td>0.835364</td>\n",
       "      <td>1.086317</td>\n",
       "      <td>1.001941</td>\n",
       "      <td>1.056242</td>\n",
       "      <td>0.858710</td>\n",
       "      <td>0.000000</td>\n",
       "      <td>0.929266</td>\n",
       "    </tr>\n",
       "    <tr>\n",
       "      <th>22</th>\n",
       "      <td>0.980849</td>\n",
       "      <td>0.981423</td>\n",
       "      <td>0.977248</td>\n",
       "      <td>0.997627</td>\n",
       "      <td>1.040040</td>\n",
       "      <td>1.069524</td>\n",
       "      <td>1.084434</td>\n",
       "      <td>0.859509</td>\n",
       "      <td>0.862980</td>\n",
       "      <td>0.983277</td>\n",
       "      <td>...</td>\n",
       "      <td>0.744271</td>\n",
       "      <td>0.990771</td>\n",
       "      <td>1.111461</td>\n",
       "      <td>1.102372</td>\n",
       "      <td>0.960399</td>\n",
       "      <td>0.978286</td>\n",
       "      <td>0.924727</td>\n",
       "      <td>1.002144</td>\n",
       "      <td>0.929266</td>\n",
       "      <td>0.000000</td>\n",
       "    </tr>\n",
       "  </tbody>\n",
       "</table>\n",
       "<p>23 rows × 23 columns</p>\n",
       "</div>"
      ],
      "text/plain": [
       "          0         1         2         3         4         5         6   \\\n",
       "0   0.000000  0.877114  0.878365  0.873387  0.839467  0.960356  0.923720   \n",
       "1   0.877114  0.000000  0.004649  0.004398  0.979165  1.202295  0.900001   \n",
       "2   0.878365  0.004649  0.000000  0.003664  0.976720  1.203449  0.902952   \n",
       "3   0.873387  0.004398  0.003664  0.000000  0.978709  1.191447  0.904441   \n",
       "4   0.839467  0.979165  0.976720  0.978709  0.000000  0.947226  1.036762   \n",
       "5   0.960356  1.202295  1.203449  1.191447  0.947226  0.000000  1.196607   \n",
       "6   0.923720  0.900001  0.902952  0.904441  1.036762  1.196607  0.000000   \n",
       "7   0.811276  0.922670  0.934988  0.929457  0.766776  1.063884  1.053040   \n",
       "8   1.003119  0.969291  0.977517  0.991880  0.955435  0.891417  0.969849   \n",
       "9   0.870521  0.003882  0.005411  0.005177  0.963149  1.201968  0.902098   \n",
       "10  0.998203  0.791134  0.785147  0.781169  1.048860  1.003201  0.842836   \n",
       "11  0.966770  0.850088  0.851385  0.855483  1.082896  1.178430  0.806125   \n",
       "12  0.867842  0.004064  0.004842  0.003907  0.969578  1.197437  0.897101   \n",
       "13  0.978679  1.074094  1.065957  1.069101  1.170505  1.002857  0.887461   \n",
       "14  0.877610  0.003092  0.005665  0.004862  0.972164  1.217318  0.912193   \n",
       "15  0.827283  0.960202  0.961139  0.968159  0.922199  1.015623  0.951130   \n",
       "16  0.967931  0.940928  0.925161  0.923774  1.060658  1.053476  1.070761   \n",
       "17  0.850029  1.002541  1.010519  0.998481  1.119609  0.943130  0.817377   \n",
       "18  0.883147  0.005104  0.006237  0.005601  0.963118  1.194862  0.912911   \n",
       "19  1.151106  1.141009  1.145929  1.141572  0.995930  0.937074  1.077305   \n",
       "20  0.942150  1.201047  1.207611  1.196628  0.955731  1.044196  0.884148   \n",
       "21  1.085436  1.004145  0.996394  1.012128  1.033519  1.118331  0.915681   \n",
       "22  0.980849  0.981423  0.977248  0.997627  1.040040  1.069524  1.084434   \n",
       "\n",
       "          7         8         9   ...        13        14        15        16  \\\n",
